Voltage in mV 	 time in ms 
-3.06	,	857008
-3.52	,	857258
-3.70	,	857508
-4.08	,	857758
-4.17	,	858008
-4.47	,	858258
-4.62	,	858508
-4.97	,	858758
-5.05	,	859008
-5.19	,	859258
-5.16	,	859508
-5.20	,	859758
-5.12	,	860008
-5.30	,	860258
-5.17	,	860508
-5.28	,	860758
-5.11	,	861008
-5.17	,	861258
-5.02	,	861508
-5.12	,	861758
-4.91	,	862008
-5.03	,	862258
-4.81	,	862508
-4.91	,	862758
-4.67	,	863008
-4.83	,	863258
-4.52	,	863508
-4.64	,	863758
-4.42	,	864008
-4.53	,	864258
-4.27	,	864508
-4.41	,	864758
-4.16	,	865008
-4.25	,	865258
-4.05	,	865508
-4.14	,	865758
-3.89	,	866008
-4.02	,	866258
-3.83	,	866508
-3.94	,	866758
-3.75	,	867008
-3.89	,	867258
-3.67	,	867508
-3.80	,	867758
-3.62	,	868008
-3.84	,	868258
-3.59	,	868508
-3.75	,	868758
-3.62	,	869008
-3.78	,	869258
-3.62	,	869508
-3.84	,	869758
-3.66	,	870008
-3.86	,	870258
-3.69	,	870508
-3.89	,	870758
-3.75	,	871008
-3.97	,	871258
-3.84	,	871508
-4.00	,	871758
-3.89	,	872008
-4.11	,	872258
-3.91	,	872508
-4.11	,	872758
-4.05	,	873008
-4.17	,	873258
-4.11	,	873508
-4.30	,	873758
-4.19	,	874008
-4.39	,	874258
-4.28	,	874508
-4.48	,	874758
-4.41	,	875008
-4.61	,	875258
-4.55	,	875508
-4.70	,	875758
-4.66	,	876008
-4.89	,	876258
-4.75	,	876508
-4.97	,	876758
-4.89	,	877008
-5.06	,	877258
-4.97	,	877508
-5.17	,	877758
-5.09	,	878008
-5.28	,	878258
-5.22	,	878508
-5.39	,	878758
-5.33	,	879008
-5.53	,	879258
-5.44	,	879508
-5.61	,	879758
-5.53	,	880008
-5.69	,	880258
-5.64	,	880508
-5.81	,	880758
-5.75	,	881008
-5.94	,	881258
-5.84	,	881508
-6.00	,	881758
-5.92	,	882008
-6.11	,	882258
-6.03	,	882508
-6.17	,	882758
-6.16	,	883008
-6.27	,	883258
-6.27	,	883508
-6.33	,	883758
-6.33	,	884008
-6.47	,	884258
-6.42	,	884508
-6.53	,	884758
-6.55	,	885008
-6.67	,	885258
-6.66	,	885508
-6.75	,	885758
-6.75	,	886008
-6.86	,	886258
-6.84	,	886508
-6.91	,	886758
-6.95	,	887008
-7.03	,	887258
-7.09	,	887508
-7.14	,	887758
-7.16	,	888008
-7.25	,	888258
-7.27	,	888508
-7.27	,	888758
-7.37	,	889008
-7.37	,	889258
-7.50	,	889508
-7.42	,	889758
-7.55	,	890008
-7.55	,	890258
-7.64	,	890508
-7.62	,	890758
-7.70	,	891008
-7.73	,	891258
-7.86	,	891508
-7.83	,	891758
-7.89	,	892008
-7.89	,	892258
-8.02	,	892508
-7.95	,	892758
-8.09	,	893008
-8.05	,	893258
-8.20	,	893508
-8.14	,	893758
-8.27	,	894008
-8.22	,	894258
-8.33	,	894508
-8.31	,	894758
-8.45	,	895008
-8.41	,	895258
-8.53	,	895508
-8.45	,	895758
-8.58	,	896008
-8.53	,	896258
-8.69	,	896508
-8.58	,	896758
-8.77	,	897008
-8.67	,	897258
-8.84	,	897508
-8.80-8.94	,	898008
-8.83	,	898258
-8.98	,	898508
-8.94	,	898758
-9.11	,	899008
-8.97	,	899258
-9.19	,	899508
-9.05	,	899758
-9.27	,	900008
-9.11	,	900258
-9.31	,	900508
-9.19	,	900758
-9.41	,	901008
-9.25	,	901258
-9.44	,	901508
-9.30	,	901758
-9.50	,	902008
-9.39	,	902258
-9.61	,	902508
-9.45	,	902758
-9.61	,	903008
-9.52	,	903258
-9.78	,	903508
-9.61	,	903758
-9.75	,	904008
-9.66	,	904258
-9.83	,	904508
-9.75	,	904758
-9.92	,	905008
-9.73	,	905258
-9.97	,	905508
-9.86	,	905758
-10.05	,	906008
-9.88	,	906258
-10.06	,	906508
-9.94	,	906758
-10.13	,	907008
-10.02	,	907258
-10.17	,	907508
-10.03	,	907758
-10.23	,	908008
-10.13	,	908258
-10.28	,	908508
-10.19	,	908758
-10.38	,	909008
-10.22	,	909258
-10.39	,	909508
-10.30	,	909758
-10.47	,	910008
-10.30	,	910258
-10.50	,	910508
-10.33	,	910758
-10.56	,	911008
-10.38	,	911258
-10.61	,	911508
-10.45	,	911758
-10.67	,	912008
-10.47	,	912258
-10.69	,	912508
-10.55	,	912758
-10.73	,	913008
-10.58	,	913258
-10.78	,	913508
-10.63	,	913758
-10.83	,	914008
-10.64	,	914258
-10.86	,	914508
-10.70	,	914758
-10.88	,	915008
-10.77	,	915258
-10.94	,	915508
-10.78	,	915758
-10.98	,	916008
-10.81	,	916258
-11.02	,	916508
-10.88	,	916758
-11.06	,	917008
-10.94	,	917258
-11.09	,	917508
-10.94	,	917758
-11.13	,	918008
-10.98	,	918258
-11.16	,	918508
-11.00	,	918758
-11.16	,	919008
-11.02	,	919258
-11.17	,	919508
-11.03	,	919758
-11.20	,	920008
-11.05	,	920258
-11.23	,	920508
-11.13	,	920758
-11.28	,	921008
-11.09	,	921258
-11.27	,	921508
-11.13	,	921758
-11.31	,	922008
-11.17	,	922258
-11.33	,	922508
-11.16	,	922758
-11.36	,	923008
-11.20	,	923258
-11.39	,	923508
-11.23	,	923758
-11.39	,	924008
-11.25	,	924258
-11.45	,	924508
-11.30	,	924758
-11.45	,	925008
-11.33	,	925258
-11.50	,	925508
-11.28	,	925758
-11.48	,	926008
-11.34	,	926258
-11.55	,	926508
-11.39	,	926758
-11.58	,	927008
-11.36	,	927258
-11.61	,	927508
-11.42	,	927758
-11.63	,	928008
-11.47	,	928258
-11.64	,	928508
-11.45	,	928758
-11.67	,	929008
-11.47	,	929258
-11.66	,	929508
-11.48	,	929758
-11.66	,	930008
-11.50	,	930258
-11.67	,	930508
-11.52	,	930758
-11.66	,	931008
-11.50	,	931258
-11.67	,	931508
-11.52	,	931758
-11.69	,	932008
-11.55	,	932258
-11.72	,	932508
-11.53	,	932758
-11.73	,	933008
-11.55	,	933258
-11.72	,	933508
-11.56	,	933758
-11.72	,	934008
-11.53	,	934258
-11.70	,	934508
-11.56	,	934758
-11.73	,	935008
-11.56	,	935258
-11.72	,	935508
-11.58	,	935758
-11.70	,	936008
-11.59	,	936258
-11.75	,	936508
-11.59	,	936758
-11.75	,	937008
-11.61	,	937258
-11.73	,	937508
-11.66	,	937758
-11.78	,	938008
-11.67	,	938258
-11.80	,	938508
-11.63	,	938758
-11.77	,	939008
-11.63	,	939258
-11.78	,	939508
-11.67	,	939758
-11.80	,	940008
-11.66	,	940258
-11.81	,	940508
-11.72	,	940758
-11.78	,	941008
-11.67	,	941258
-11.80	,	941508
-11.69	,	941758
-11.80	,	942008
-11.72	,	942258
-11.81	,	942508
-11.72	,	942758
-11.81	,	943008
-11.75	,	943258
-11.88	,	943508
-11.75	,	943758
-11.86	,	944008
-11.78	,	944258
-11.88	,	944508
-11.77	,	944758
-11.86	,	945008
-11.81	,	945258
-11.89	,	945508
-11.78	,	945758
-11.92	,	946008
-11.83	,	946258
-11.92	,	946508
-11.81	,	946758
-11.92	,	947008
-11.83	,	947258
-11.94	,	947508
-11.84	,	947758
-11.92	,	948008
-11.84	,	948258
-11.94	,	948508
-11.86	,	948758
-11.94	,	949008
-11.83	,	949258
-11.98	,	949508
-11.86	,	949758
-11.95	,	950008
-11.86	,	950258
-11.98	,	950508
-11.88	,	950758
-11.95	,	951008
-11.86	,	951258
-12.00	,	951508
-11.91	,	951758
-11.98	,	952008
-11.91	,	952258
-12.00	,	952508
-11.89	,	952758
-11.98	,	953008
-11.88	,	953258
-11.98	,	953508
-11.91	,	953758
-11.97	,	954008
-11.89	,	954258
-12.02	,	954508
-11.92	,	954758
-12.02	,	955008
-11.89	,	955258
-12.00	,	955508
-11.91	,	955758
-11.98	,	956008
-11.91	,	956258
-11.98	,	956508
-11.94	,	956758
-12.00	,	957008
-11.92	,	957258
-12.02	,	957508
-11.94	,	957758
-12.02	,	958008
-11.92	,	958258
-12.03	,	958508
-11.94	,	958758
-12.03	,	959008
-11.95	,	959258
-12.03	,	959508
-11.95	,	959758
-12.06	,	960008
-11.95	,	960258
-12.05	,	960508
-11.97	,	960758
-12.05	,	961008
-11.97	,	961258
-12.06	,	961508
-11.95	,	961758
-12.06	,	962008
-11.98	,	962258
-12.06	,	962508
-12.02	,	962758
-12.11	,	963008
-11.95	,	963258
-12.09	,	963508
-11.98	,	963758
-12.13	,	964008
-12.00	,	964258
-12.11	,	964508
-11.98	,	964758
-12.19	,	965008
-11.98	,	965258
-12.14	,	965508
-12.02	,	965758
-12.19	,	966008
-12.02	,	966258
-12.19	,	966508
-12.03	,	966758
-12.23	,	967008
-12.06	,	967258
-12.23	,	967508
-12.09	,	967758
-12.28	,	968008
-12.13	,	968258
-12.25	,	968508
-12.14	,	968758
-12.36	,	969008
-12.14	,	969258
-12.33	,	969508
-12.19	,	969758
-12.34	,	970008
-12.27	,	970258
-12.42	,	970508
-12.22	,	970758
-12.44	,	971008
-12.22	,	971258
-12.44	,	971508
-12.28	,	971758
-12.44	,	972008
-12.30	,	972258
-12.48	,	972508
-12.34	,	972758
-12.52	,	973008
-12.33	,	973258
-12.53	,	973508
-12.39	,	973758
-12.56	,	974008
-12.39	,	974258
-12.59	,	974508
-12.42	,	974758
-12.63	,	975008
-12.47	,	975258
-12.64	,	975508
-12.55	,	975758
-12.70	,	976008
-12.55	,	976258
-12.72	,	976508
-12.56	,	976758
-12.77	,	977008
-12.59	,	977258
-12.73	,	977508
-12.61	,	977758
-12.83	,	978008
-12.66	,	978258
-12.80	,	978508
-12.66	,	978758
-12.86	,	979008
-12.67	,	979258
-12.83	,	979508
-12.72	,	979758
-12.89	,	980008
-12.73	,	980258
-12.88	,	980508
-12.77	,	980758
-12.88	,	981008
-12.73	,	981258
-12.91	,	981508
-12.77	,	981758
-12.94	,	982008
-12.78	,	982258
-12.95	,	982508
-12.77	,	982758
-12.94	,	983008
-12.80	,	983258
-12.95	,	983508
-12.77	,	983758
-12.94	,	984008
-12.78	,	984258
-12.89	,	984508
-12.77	,	984758
-12.89	,	985008
-12.75	,	985258
-12.88	,	985508
-12.70	,	985758
-12.91	,	986008
-12.75	,	986258
-12.84	,	986508
-12.70	,	986758
-12.83	,	987008
-12.66	,	987258
-12.81	,	987508
-12.64	,	987758
-12.78	,	988008
-12.63	,	988258
-12.75	,	988508
-12.66	,	988758
-12.77	,	989008
-12.59	,	989258
-12.72	,	989508
-12.56	,	989758
-12.72	,	990008
-12.55	,	990258
-12.70	,	990508
-12.44	,	990758
-12.66	,	991008
-12.48	,	991258
-12.61	,	991508
-12.45	,	991758
-12.56	,	992008
-12.41	,	992258
-12.52	,	992508
-12.39	,	992758
-12.55	,	993008
-12.38	,	993258
-12.50	,	993508
-12.33	,	993758
-12.47	,	994008
-12.28	,	994258
-12.42	,	994508
-12.28	,	994758
-12.39	,	995008
-12.20	,	995258
-12.33	,	995508
-12.17	,	995758
-12.28	,	996008
-12.13	,	996258
-12.22	,	996508
-12.05	,	996758
-12.16	,	997008
-12.05	,	997258
-12.17	,	997508
-11.94	,	997758
-12.05	,	998008
-11.94	,	998258
-12.00	,	998508
-11.86	,	998758
-11.97	,	999008
-11.80	,	999258
-11.91	,	999508
-11.77	,	999758
-11.88	,	1000008
-11.70	,	1000258
-11.83	,	1000508
-11.70	,	1000758
-11.80	,	1001008
-11.64	,	1001258
-11.75	,	1001508
-11.56	,	1001758
-11.69	,	1002008
-11.55	,	1002258
-11.64	,	1002508
-11.48	,	1002758
-11.58	,	1003008
-11.45	,	1003258
-11.52	,	1003508
-11.38	,	1003758
-11.48	,	1004008
-11.33	,	1004258
-11.47	,	1004508
-11.30	,	1004758
-11.39	,	1005008
-11.28	,	1005258
-11.34	,	1005508
-11.20	,	1005758
-11.31	,	1006008
-11.14	,	1006258
-11.27	,	1006508
-11.11	,	1006758
-11.22	,	1007008
-11.08	,	1007258
-11.20	,	1007508
-11.00	,	1007758
-11.14	,	1008008
-10.98	,	1008258
-11.06	,	1008508
-10.95	,	1008758
-11.02	,	1009008
-10.89	,	1009258
-11.00	,	1009508
-10.86	,	1009758
-10.95	,	1010008
-10.80	,	1010258
-10.91	,	1010508
-10.77	,	1010758
-10.86	,	1011008
-10.70	,	1011258
-10.81	,	1011508
-10.67	,	1011758
-10.78	,	1012008
-10.61	,	1012258
-10.72	,	1012508
-10.61	,	1012758
-10.70	,	1013008
-10.55	,	1013258
-10.66	,	1013508
-10.48	,	1013758
-10.58	,	1014008
-10.44	,	1014258
-10.58	,	1014508
-10.41	,	1014758
-10.52	,	1015008
-10.41	,	1015258
-10.52	,	1015508
-10.36	,	1015758
-10.44	,	1016008
-10.36	,	1016258
-10.45	,	1016508
-10.38	,	1016758
-10.45	,	1017008
-10.39	,	1017258
-10.48	,	1017508
-10.41	,	1017758
-10.53	,	1018008
-10.44	,	1018258
-10.63	,	1018508
-10.55	,	1018758
-10.72	,	1019008
-10.63	,	1019258
-10.73	,	1019508
-10.66	,	1019758
-10.78	,	1020008
-10.72	,	1020258
-10.78	,	1020508
-10.61	,	1020758
-10.64	,	1021008
-10.48	,	1021258
-10.58	,	1021508
-10.41	,	1021758
-10.45	,	1022008
-10.28	,	1022258
-10.39	,	1022508
-10.23	,	1022758
-10.33	,	1023008
-10.13	,	1023258
-10.28	,	1023508
-10.08	,	1023758
-10.19	,	1024008
-9.97	,	1024258
-10.11	,	1024508
-9.97	,	1024758
-10.08	,	1025008
-9.92	,	1025258
-10.00	,	1025508
-9.83	,	1025758
-9.95	,	1026008
-9.77	,	1026258
-9.92	,	1026508
-9.69	,	1026758
-9.81	,	1027008
-9.66	,	1027258
-9.77	,	1027508
-9.56	,	1027758
-9.72	,	1028008
-9.50	,	1028258
-9.64	,	1028508
-9.50	,	1028758
-9.66	,	1029008
-9.41	,	1029258
-9.58	,	1029508
-9.41	,	1029758
-9.52	,	1030008
-9.34	,	1030258
-9.52	,	1030508
-9.30	,	1030758
-9.42	,	1031008
-9.23	,	1031258
-9.41	,	1031508
-9.23	,	1031758
-9.34	,	1032008
-9.13	,	1032258
-9.31	,	1032508
-9.13	,	1032758
-9.30	,	1033008
-9.03	,	1033258
-9.23	,	1033508
-9.06	,	1033758
-9.19	,	1034008
-9.02	,	1034258
-9.19	,	1034508
-8.94	,	1034758
-9.08	,	1035008
-8.88	,	1035258
-9.06	,	1035508
-8.86	,	1035758
-9.00	,	1036008
-8.80	,	1036258
-8.94	,	1036508
-8.72	,	1036758
-8.89	,	1037008
-8.67	,	1037258
-8.84	,	1037508
-8.63	,	1037758
-8.78	,	1038008
-8.58	,	1038258
-8.73	,	1038508
-8.58	,	1038758
-8.75	,	1039008
-8.52	,	1039258
-8.72	,	1039508
-8.52	,	1039758
-8.69	,	1040008
-8.44	,	1040258
-8.58	,	1040508
-8.44	,	1040758
-8.58	,	1041008
-8.38	,	1041258
-8.58	,	1041508
-8.33	,	1041758
-8.50	,	1042008
-8.27	,	1042258
-8.48	,	1042508
-8.25	,	1042758
-8.42	,	1043008
-8.23	,	1043258
-8.38	,	1043508
-8.20	,	1043758
-8.36	,	1044008
-8.16	,	1044258
-8.33	,	1044508
-8.11	,	1044758
-8.33	,	1045008
-8.08	,	1045258
-8.30	,	1045508
-8.03	,	1045758
-8.22	,	1046008
-8.02	,	1046258
-8.22	,	1046508
-7.94	,	1046758
-8.11	,	1047008
-7.91	,	1047258
-8.11	,	1047508
-7.81	,	1047758
-8.08	,	1048008
-7.86	,	1048258
-7.98	,	1048508
-7.83	,	1048758
-7.94	,	1049008
-7.77	,	1049258
-7.92	,	1049508
-7.73	,	1049758
-7.84	,	1050008
-7.67	,	1050258
-7.89	,	1050508
-7.62	,	1050758
-7.83	,	1051008
-7.62	,	1051258
-7.80	,	1051508
-7.62	,	1051758
-7.80	,	1052008
-7.58	,	1052258
-7.73	,	1052508
-7.58	,	1052758
-7.77	,	1053008
-7.58	,	1053258
-7.73	,	1053508
-7.58	,	1053758
-7.69	,	1054008
-7.48	,	1054258
-7.61	,	1054508
-7.41	,	1054758
-7.58	,	1055008
-7.37	,	1055258
-7.50	,	1055508
-7.36	,	1055758
-7.48	,	1056008
-7.34	,	1056258
-7.50	,	1056508
-7.34	,	1056758
-7.47	,	1057008
-7.27	,	1057258
-7.39	,	1057508
-7.19	,	1057758
-7.36	,	1058008
-7.20	,	1058258
-7.31	,	1058508
-7.11	,	1058758
-7.30	,	1059008
-7.11	,	1059258
-7.28	,	1059508
-7.03	,	1059758
-7.25	,	1060008
-7.02	,	1060258
-7.19	,	1060508
-6.98	,	1060758
-7.14	,	1061008
-6.95	,	1061258
-7.12	,	1061508
-6.95	,	1061758
-7.11	,	1062008
-6.92	,	1062258
-7.08	,	1062508
-6.84	,	1062758
-7.02	,	1063008
-6.81	,	1063258
-6.98	,	1063508
-6.78	,	1063758
-6.92	,	1064008
-6.77	,	1064258
-6.98	,	1064508
-6.73	,	1064758
-6.87	,	1065008
-6.69	,	1065258
-6.87	,	1065508
-6.67	,	1065758
-6.84	,	1066008
-6.64	,	1066258
-6.81	,	1066508
-6.59	,	1066758
-6.77	,	1067008
-6.56	,	1067258
-6.73	,	1067508
-6.56	,	1067758
-6.67	,	1068008
-6.55	,	1068258
-6.62	,	1068508
-6.47	,	1068758
-6.70	,	1069008
-6.47	,	1069258
-6.58	,	1069508
-6.36	,	1069758
-6.58	,	1070008
-6.37	,	1070258
-6.59	,	1070508
-6.42	,	1070758
-6.52	,	1071008
-6.33	,	1071258
-6.52	,	1071508
-6.28	,	1071758
-6.48	,	1072008
-6.28	,	1072258
-6.48	,	1072508
-6.23	,	1072758
-6.42	,	1073008
-6.27	,	1073258
-6.45	,	1073508
-6.25	,	1073758
-6.41	,	1074008
-6.23	,	1074258
-6.37	,	1074508
-6.17	,	1074758
-6.33	,	1075008
-6.12	,	1075258
-6.30	,	1075508
-6.06	,	1075758
-6.23	,	1076008
-6.06	,	1076258
-6.19	,	1076508
-6.03	,	1076758
-6.22	,	1077008
-6.03	,	1077258
-6.19	,	1077508
-5.97	,	1077758
-6.05	,	1078008
-5.87	,	1078258
-6.12	,	1078508
-5.92	,	1078758
-6.06	,	1079008
-5.92	,	1079258
-6.05	,	1079508
-5.84	,	1079758
-6.02	,	1080008
-5.87	,	1080258
-5.98	,	1080508
-5.77	,	1080758
-5.97	,	1081008
-5.83	,	1081258
-5.94	,	1081508
-5.80	,	1081758
-5.91	,	1082008
-5.77	,	1082258
-5.94	,	1082508
-5.72	,	1082758
-5.86	,	1083008
-5.67	,	1083258
-5.86	,	1083508
-5.69	,	1083758
-5.86	,	1084008
-5.69	,	1084258
-5.77	,	1084508
-5.64	,	1084758
-5.83	,	1085008
-5.67	,	1085258
-5.83	,	1085508
-5.64	,	1085758
-5.78	,	1086008
-5.62	,	1086258
-5.83	,	1086508
-5.58	,	1086758
-5.78	,	1087008
-5.62	,	1087258
-5.72	,	1087508
-5.59	,	1087758
-5.78	,	1088008
-5.52	,	1088258
-5.69	,	1088508
-5.56	,	1088758
-5.69	,	1089008
-5.53	,	1089258
-5.69	,	1089508
-5.53	,	1089758
-5.58	,	1090008
-5.45	,	1090258
-5.69	,	1090508
-5.44	,	1090758
-5.55	,	1091008
-5.48	,	1091258
-5.53	,	1091508
-5.41	,	1091758
-5.55	,	1092008
-5.42	,	1092258
-5.48	,	1092508
-5.36	,	1092758
-5.41	,	1093008
-5.33	,	1093258
-5.44	,	1093508
-5.28	,	1093758
-5.34	,	1094008
-5.30	,	1094258
-5.30	,	1094508
-5.19	,	1094758
-5.27	,	1095008
-5.25	,	1095258
-5.30	,	1095508
-5.14	,	1095758
-5.22	,	1096008
-5.19	,	1096258
-4.37	,	1096508
-3.97	,	1096758
-2.20	,	1097008
-2.16	,	1097258
-2.45	,	1097508
-2.52	,	1097758
-2.78	,	1098008
-2.92	,	1098258
-3.08	,	1098508
-3.03	,	1098758
-3.23	,	1099008
-3.37	,	1099258
-3.48	,	1099508
-3.44	,	1099758
-3.59	,	1100008
-2.86	,	1100258
-2.91	,	1100508
-2.86	,	1100758
-3.02	,	1101008
-2.83	,	1101258
-3.52	,	1101508
-2.80	,	1101758
-3.44	,	1102008
-2.02	,	1102258
-0.36	,	1102508
-1.28	,	1102758
-1.62	,	1103008
-0.64	,	1103258
-1.08	,	1103508
-1.91	,	1103758
-1.61	,	1104008
-1.67	,	1104258
-1.58	,	1104508
-2.16	,	1104758
-2.47	,	1105008
-2.66	,	1105258
-2.59	,	1105508
-2.83	,	1105758
-2.69	,	1106008
-2.19	,	1106258
-3.00	,	1106508
-2.03	,	1106758
-2.86	,	1107008
-3.00	,	1107258
-3.14	,	1107508
-2.73	,	1107758
-3.12	,	1108008
